32 32 1.0
0.01 0.01 0.01 0.01 0.02 0.02 0.03 0.04 0.05 0.05 0.06 0.07 0.07 0.08 0.08 0.08 0.08 0.08 0.08 0.07 0.07 0.06 0.05 0.05 0.04 0.03 0.02 0.02 0.01 0.01 0.01 0.01 
0.01 0.01 0.01 0.01 0.02 0.03 0.03 0.04 0.05 0.06 0.07 0.07 0.08 0.08 0.09 0.09 0.09 0.09 0.08 0.08 0.07 0.07 0.06 0.05 0.04 0.03 0.03 0.02 0.01 0.01 0.01 0.01 
0.01 0.01 0.01 0.02 0.03 0.03 0.04 0.06 0.07 0.08 0.09 0.10 0.10 0.11 0.11 0.12 0.12 0.11 0.11 0.10 0.10 0.09 0.08 0.07 0.06 0.04 0.03 0.03 0.02 0.01 0.01 0.01 
0.01 0.01 0.02 0.03 0.04 0.05 0.06 0.08 0.09 0.11 0.12 0.13 0.14 0.15 0.16 0.16 0.16 0.16 0.15 0.14 0.13 0.12 0.11 0.09 0.08 0.06 0.05 0.04 0.03 0.02 0.01 0.01 
0.02 0.02 0.03 0.04 0.05 0.07 0.08 0.10 0.13 0.15 0.17 0.18 0.20 0.21 0.22 0.22 0.22 0.22 0.21 0.20 0.18 0.17 0.15 0.13 0.10 0.08 0.07 0.05 0.04 0.03 0.02 0.02 
0.02 0.03 0.03 0.05 0.07 0.09 0.11 0.14 0.17 0.19 0.22 0.24 0.26 0.28 0.29 0.30 0.30 0.29 0.28 0.26 0.24 0.22 0.19 0.17 0.14 0.11 0.09 0.07 0.05 0.03 0.03 0.02 
0.03 0.03 0.04 0.06 0.08 0.11 0.14 0.18 0.21 0.25 0.28 0.31 0.34 0.36 0.37 0.38 0.38 0.37 0.36 0.34 0.31 0.28 0.25 0.21 0.18 0.14 0.11 0.08 0.06 0.04 0.03 0.03 
0.04 0.04 0.06 0.08 0.10 0.14 0.18 0.22 0.26 0.31 0.35 0.39 0.42 0.44 0.46 0.47 0.47 0.46 0.44 0.42 0.39 0.35 0.31 0.26 0.22 0.18 0.14 0.10 0.08 0.06 0.04 0.04 
0.05 0.05 0.07 0.09 0.13 0.17 0.21 0.26 0.32 0.37 0.42 0.46 0.50 0.53 0.55 0.56 0.56 0.55 0.53 0.50 0.46 0.42 0.37 0.32 0.26 0.21 0.17 0.13 0.09 0.07 0.05 0.05 
0.05 0.06 0.08 0.11 0.15 0.19 0.25 0.31 0.37 0.43 0.49 0.54 0.58 0.62 0.64 0.65 0.65 0.64 0.62 0.58 0.54 0.49 0.43 0.37 0.31 0.25 0.19 0.15 0.11 0.08 0.06 0.05 
0.06 0.07 0.09 0.12 0.17 0.22 0.28 0.35 0.42 0.49 0.55 0.61 0.66 0.70 0.73 0.74 0.74 0.73 0.70 0.66 0.61 0.55 0.49 0.42 0.35 0.28 0.22 0.17 0.12 0.09 0.07 0.06 
0.07 0.07 0.10 0.13 0.18 0.24 0.31 0.39 0.46 0.54 0.61 0.67 0.73 0.77 0.80 0.82 0.82 0.80 0.77 0.73 0.67 0.61 0.54 0.46 0.39 0.31 0.24 0.18 0.13 0.10 0.07 0.07 
0.07 0.08 0.10 0.14 0.20 0.26 0.34 0.42 0.50 0.58 0.66 0.73 0.79 0.84 0.87 0.89 0.89 0.87 0.84 0.79 0.73 0.66 0.58 0.50 0.42 0.34 0.26 0.20 0.14 0.10 0.08 0.07 
0.08 0.08 0.11 0.15 0.21 0.28 0.36 0.44 0.53 0.62 0.70 0.77 0.84 0.89 0.92 0.94 0.94 0.92 0.89 0.84 0.77 0.70 0.62 0.53 0.44 0.36 0.28 0.21 0.15 0.11 0.08 0.08 
0.08 0.09 0.11 0.16 0.22 0.29 0.37 0.46 0.55 0.64 0.73 0.80 0.87 0.92 0.96 0.98 0.98 0.96 0.92 0.87 0.80 0.73 0.64 0.55 0.46 0.37 0.29 0.22 0.16 0.11 0.09 0.08 
0.08 0.09 0.12 0.16 0.22 0.30 0.38 0.47 0.56 0.65 0.74 0.82 0.89 0.94 0.98 1.00 1.00 0.98 0.94 0.89 0.82 0.74 0.65 0.56 0.47 0.38 0.30 0.22 0.16 0.12 0.09 0.08 
0.08 0.09 0.12 0.16 0.22 0.30 0.38 0.47 0.56 0.65 0.74 0.82 0.89 0.94 0.98 1.00 1.00 0.98 0.94 0.89 0.82 0.74 0.65 0.56 0.47 0.38 0.30 0.22 0.16 0.12 0.09 0.08 
0.08 0.09 0.11 0.16 0.22 0.29 0.37 0.46 0.55 0.64 0.73 0.80 0.87 0.92 0.96 0.98 0.98 0.96 0.92 0.87 0.80 0.73 0.64 0.55 0.46 0.37 0.29 0.22 0.16 0.11 0.09 0.08 
0.08 0.08 0.11 0.15 0.21 0.28 0.36 0.44 0.53 0.62 0.70 0.77 0.84 0.89 0.92 0.94 0.94 0.92 0.89 0.84 0.77 0.70 0.62 0.53 0.44 0.36 0.28 0.21 0.15 0.11 0.08 0.08 
0.07 0.08 0.10 0.14 0.20 0.26 0.34 0.42 0.50 0.58 0.66 0.73 0.79 0.84 0.87 0.89 0.89 0.87 0.84 0.79 0.73 0.66 0.58 0.50 0.42 0.34 0.26 0.20 0.14 0.10 0.08 0.07 
0.07 0.07 0.10 0.13 0.18 0.24 0.31 0.39 0.46 0.54 0.61 0.67 0.73 0.77 0.80 0.82 0.82 0.80 0.77 0.73 0.67 0.61 0.54 0.46 0.39 0.31 0.24 0.18 0.13 0.10 0.07 0.07 
0.06 0.07 0.09 0.12 0.17 0.22 0.28 0.35 0.42 0.49 0.55 0.61 0.66 0.70 0.73 0.74 0.74 0.73 0.70 0.66 0.61 0.55 0.49 0.42 0.35 0.28 0.22 0.17 0.12 0.09 0.07 0.06 
0.05 0.06 0.08 0.11 0.15 0.19 0.25 0.31 0.37 0.43 0.49 0.54 0.58 0.62 0.64 0.65 0.65 0.64 0.62 0.58 0.54 0.49 0.43 0.37 0.31 0.25 0.19 0.15 0.11 0.08 0.06 0.05 
0.05 0.05 0.07 0.09 0.13 0.17 0.21 0.26 0.32 0.37 0.42 0.46 0.50 0.53 0.55 0.56 0.56 0.55 0.53 0.50 0.46 0.42 0.37 0.32 0.26 0.21 0.17 0.13 0.09 0.07 0.05 0.05 
0.04 0.04 0.06 0.08 0.10 0.14 0.18 0.22 0.26 0.31 0.35 0.39 0.42 0.44 0.46 0.47 0.47 0.46 0.44 0.42 0.39 0.35 0.31 0.26 0.22 0.18 0.14 0.10 0.08 0.06 0.04 0.04 
0.03 0.03 0.04 0.06 0.08 0.11 0.14 0.18 0.21 0.25 0.28 0.31 0.34 0.36 0.37 0.38 0.38 0.37 0.36 0.34 0.31 0.28 0.25 0.21 0.18 0.14 0.11 0.08 0.06 0.04 0.03 0.03 
0.02 0.03 0.03 0.05 0.07 0.09 0.11 0.14 0.17 0.19 0.22 0.24 0.26 0.28 0.29 0.30 0.30 0.29 0.28 0.26 0.24 0.22 0.19 0.17 0.14 0.11 0.09 0.07 0.05 0.03 0.03 0.02 
0.02 0.02 0.03 0.04 0.05 0.07 0.08 0.10 0.13 0.15 0.17 0.18 0.20 0.21 0.22 0.22 0.22 0.22 0.21 0.20 0.18 0.17 0.15 0.13 0.10 0.08 0.07 0.05 0.04 0.03 0.02 0.02 
0.01 0.01 0.02 0.03 0.04 0.05 0.06 0.08 0.09 0.11 0.12 0.13 0.14 0.15 0.16 0.16 0.16 0.16 0.15 0.14 0.13 0.12 0.11 0.09 0.08 0.06 0.05 0.04 0.03 0.02 0.01 0.01 
0.01 0.01 0.01 0.02 0.03 0.03 0.04 0.06 0.07 0.08 0.09 0.10 0.10 0.11 0.11 0.12 0.12 0.11 0.11 0.10 0.10 0.09 0.08 0.07 0.06 0.04 0.03 0.03 0.02 0.01 0.01 0.01 
0.01 0.01 0.01 0.01 0.02 0.03 0.03 0.04 0.05 0.06 0.07 0.07 0.08 0.08 0.09 0.09 0.09 0.09 0.08 0.08 0.07 0.07 0.06 0.05 0.04 0.03 0.03 0.02 0.01 0.01 0.01 0.01 
0.01 0.01 0.01 0.01 0.02 0.02 0.03 0.04 0.05 0.05 0.06 0.07 0.07 0.08 0.08 0.08 0.08 0.08 0.08 0.07 0.07 0.06 0.05 0.05 0.04 0.03 0.02 0.02 0.01 0.01 0.01 0.01 
